.Random.seed <-
c(403L, 10L, -139575170L, 219289656L, -1626558693L, 20233337L, 
3777736L, 205980918L, -146303695L, -2114222749L, 900089650L, 
1354731652L, 1322118343L, 1906851741L, 1576094484L, -1385129542L, 
1508732933L, -1266309665L, -1170605978L, 238061552L, -1187868397L, 
651267761L, 704063840L, 1524285182L, -527263095L, 266106299L, 
-1783410806L, -246253972L, 1872136175L, 1646772261L, -445722404L, 
-1106315598L, 744667565L, -696201881L, -1542440306L, -1195039896L, 
-1566475413L, 1990010121L, 144841624L, 1537891014L, -1899347935L, 
-305396557L, -110692830L, -1776498668L, -877204329L, -441973107L, 
1889707940L, -1934632566L, -1229199883L, 691525711L, -1547940010L, 
299623936L, -1424787645L, -1498403103L, -489755568L, 461960366L, 
120057945L, 811593835L, 971458010L, -902730084L, 712867999L, 
-2079024395L, -775067764L, 1891264098L, 336017981L, 1864033463L, 
173611870L, -678068584L, 2070674939L, -146088039L, -1889249240L, 
468746454L, 557155665L, -683019261L, -1021396078L, 1442814244L, 
1079255015L, -826768323L, 365679284L, -932585190L, 1547735653L, 
1959376639L, 105982854L, 650603792L, -935574093L, 1825207889L, 
-2020133376L, -580513058L, 1767244073L, 807742683L, -1561142294L, 
1638312844L, -1234178865L, 1698813061L, 1302126396L, 1630936594L, 
-1400832755L, 609896007L, 1115585582L, 1514856840L, -1276856181L, 
-927624599L, -7238088L, 1504741094L, 115565185L, 725995027L, 
-503219774L, 2102112884L, -297397129L, 85818733L, -646652L, -1385217750L, 
-1501006187L, 1485462831L, -1128994762L, 1341832288L, -1133317469L, 
474867137L, -690949712L, 1846259918L, 48606777L, 1988382795L, 
-1523604998L, 1831083260L, 1786605887L, 1450987029L, 1099255084L, 
1402469890L, 1535272157L, -552648745L, 1195547326L, 1784782072L, 
576815835L, -1907623623L, 2118827144L, -1181578186L, 269441137L, 
766913187L, -1837871118L, 2086085444L, -880104441L, 1773734365L, 
941799124L, 651352570L, -1323403963L, -292249185L, -498007258L, 
-311813200L, 1439664211L, -532479119L, -672132448L, 800065086L, 
1449471305L, -269569029L, 1929738186L, -520034004L, -312122065L, 
-59806747L, 14611100L, -1260095758L, 289613677L, 1582592167L, 
274420430L, 410427432L, -22635477L, -1045074359L, -1286633640L, 
297964038L, 2015788001L, 1551358323L, 993892834L, 2122390868L, 
655774807L, 1592662093L, 747871204L, -518825526L, -867983307L, 
-1686651249L, 1364234134L, 437605184L, -565699069L, 872399905L, 
-640375024L, 516873454L, 1970095257L, 518934827L, 2004822042L, 
-1136844068L, -2090302753L, -1992606539L, 1657920076L, -1354439006L, 
271322621L, 868116215L, -1889095650L, -99212584L, 2110031419L, 
1106867161L, 1391051112L, -130230122L, 1798805009L, -1885900861L, 
-1619135534L, -844452252L, -711647833L, 1651806973L, -374905100L, 
922857946L, 482907429L, 210072639L, -1377025082L, -265596848L, 
-1235772301L, 1248096401L, 437948608L, -525526370L, 273610345L, 
-1055848805L, 153496490L, -1170419764L, -1260060017L, -1004016955L, 
1647657596L, 980782802L, -381302195L, -1784314105L, -1525789970L, 
648290248L, -1370791733L, 1067950560L, 226360524L, 724214944L, 
1214256514L, -1235629848L, 1802925804L, 959616316L, -1551348622L, 
-330291088L, 1303248932L, -338842568L, 1188187930L, -1850733360L, 
-376283332L, -187299948L, -2124303486L, 806676928L, 1375632956L, 
352535952L, 1270554146L, -1463835384L, 837275276L, 1455488796L, 
302014610L, 1740831104L, -1924487660L, -999080152L, 2071394874L, 
477658576L, -478418580L, -1674787916L, -431867886L, 1427305952L, 
-1605310516L, 874971360L, 2006824994L, -1559322328L, 939122188L, 
380331836L, -1144396814L, 920074992L, -1879159228L, 1396294232L, 
-1625755846L, -1930795536L, -2141743428L, 564164884L, 1139786434L, 
407344224L, 1418339196L, 484816848L, -1687133918L, 1024039592L, 
1544674188L, -1843513156L, 246239026L, -1684256192L, -1315087180L, 
-890437048L, -815372870L, 161063440L, 251376364L, -903880364L, 
105898258L, -1554887264L, -1671101748L, -1605067168L, -654706750L, 
1706166056L, 274952108L, -1071332548L, -1571952270L, 489511728L, 
1273810212L, -35460296L, -1754759462L, -1891711088L, -1309749508L, 
-1679938668L, 285376578L, -748227328L, 326632508L, 989757776L, 
562614434L, 961708360L, -850438388L, -1087102244L, 618573138L, 
1870251136L, 749977684L, 320737256L, 254118138L, -216274096L, 
493616940L, 156486004L, 1115057042L, -419477408L, 489090444L, 
281664352L, -2020746782L, 1911337896L, 388904140L, -1449058308L, 
2025825714L, 430544368L, 21253060L, 359023960L, 356243834L, 799212464L, 
-53204548L, 544774228L, 1279473602L, 790229024L, 385439932L, 
2061709904L, 1425044450L, 961298536L, 395445324L, -114345732L, 
554044402L, 837011712L, 820273524L, -461788152L, 1376591802L, 
-115428912L, 2053290988L, -781270636L, -2024058414L, -1384287904L, 
127266636L, -784467680L, -250085502L, -931008792L, -326287124L, 
-574622660L, 549649266L, 209215088L, 1075008548L, 650210104L, 
390392986L, -636079408L, 1410474172L, 1113648788L, -985000318L, 
1553705152L, -530504900L, -1331667824L, -1564598750L, 309858312L, 
556170508L, -1030116196L, -1409417710L, -429981824L, -266760684L, 
379628072L, -242567878L, -174749232L, -607095700L, -80901836L, 
1754117778L, -923104416L, 201548L, 611227616L, -1000392798L, 
392349608L, 1157737868L, -348968772L, 495487346L, -1028573968L, 
1671286852L, -309010088L, 860661306L, -118572176L, -1362053060L, 
1627422484L, -27220542L, -1284965664L, 1070872444L, 1970339536L, 
1194522786L, 1882393640L, 1896170764L, -623294532L, 13895986L, 
-314750528L, -1129248204L, 1834531784L, -399165254L, -1985713776L, 
-452791828L, -1447484844L, 1299599506L, 1897246496L, -1345459764L, 
-1851157024L, 1331050178L, -434715608L, -1593191764L, -1727593284L, 
-1749906958L, 793743664L, -559000412L, 988096184L, 1796586842L, 
290092432L, 1190237052L, -1804334828L, 1291576130L, 1583962880L, 
-583452740L, 1101995856L, 1990034210L, -97968824L, -213382644L, 
-1450055588L, -292389678L, -471254528L, -1044902572L, 1143224808L, 
-1173214214L, -1238957872L, 891424044L, 244048628L, -426886766L, 
223138912L, 1303815436L, 461132512L, 349268395L, -1964998884L, 
789284938L, -1146454977L, -902996855L, -616925026L, 1901827404L, 
722203933L, -908783449L, -590422064L, -742647954L, -1422483941L, 
-711907459L, 1508781418L, -700693496L, 1187646641L, 1348184867L, 
-533211100L, 311270098L, -55406809L, -1346039439L, -2079664202L, 
296733524L, -2030807579L, 745271279L, 1455132456L, -1394116730L, 
-1386003533L, 23601941L, 1136901490L, -819314240L, 738251305L, 
18749083L, 1610760044L, 2031396730L, -135331665L, -1032193095L, 
-666071602L, 1260370204L, 905718925L, 1301143799L, 1747913728L, 
1263365726L, 1746948395L, -253709779L, 551367322L, 1553239640L, 
-1314680383L, 1373552243L, -1386333292L, 1905308194L, 1603132727L, 
111516673L, -1898348282L, -844544700L, -488077195L, -836220449L, 
1616975160L, -1664784618L, 649209635L, 1109112037L, -1095184126L, 
-1262697616L, -859473127L, -982525173L, 332326908L, -498277334L, 
1743317087L, 436748265L, -1129717506L, -378515220L, 55489597L, 
1996703751L, -470658064L, -523886706L, 635174331L, -1250337891L, 
45605194L, -67065496L, -186933423L, -1698341821L, -90618556L, 
1153238514L, -1225846841L, 1592914321L, 791840022L, -1963082380L, 
-756122619L, 1641761871L, -1269669816L, 1025627622L, -143693037L, 
-1600713611L, -1294617006L, 495407264L, -929289847L, -1020548677L, 
-119167476L, 380796826L, 64530191L, 1680186713L, -1773447186L, 
-569033092L, -1010481427L, 1860399511L, -524952992L, 852021310L, 
-168118005L, 2034269069L, 2091120826L, 1688895224L, -334564191L, 
2015572051L, -1716184204L, 843409666L, -153843305L, 362853217L, 
-75126874L, -935419484L, -1321732011L, 2133028095L, -681758312L, 
-1182856522L, -1332968637L, -1457357179L, -974892254L, -1545066480L, 
658199481L, -1847348117L, -22214820L, -986390902L, 1109207679L, 
-525216823L, 1801015390L, -1769966836L, -81331491L, 25498599L, 
-951769072L, 1241310510L, -1931757093L, -168010051L, -4338646L, 
1772014792L, 417237489L, 1404159843L, 85999460L, -1041639790L, 
1179726695L, 1634508081L, -2013841802L, -1402812524L, 2084131749L, 
